0
0
0
0
0
0
0
0
0
0
0
0
0
0
0
0
0
0
0
17
0
0
0
0
0
0
0
10
12
11
0
0
0
0
10
11
0
0
0
0
0
4
2
2
2
2
7
15
1
13
0
0
0
10
1
1
11
0
0
0
0
3
0
0
0
0
3
15
1
13
0
0
10
1
1
1
1
11
0
0
0
3
0
0
0
0
3
15
1
13
0
0
8
1
1
1
1
9
0
0
0
3
0
0
0
0
3
15
1
13
0
0
0
15
1
1
13
0
0
0
0
3
0
0
0
0
3
15
1
13
0
0
0
15
1
1
13
0
0
0
0
3
0
0
0
0
3
8
14
9
0
0
0
8
14
14
9
0
0
0
0
3
0
0
0
0
3
0
0
0
0
0
0
0
0
0
0
0
0
0
0
3
0
0
0
0
6
2
2
2
2
2
2
2
2
2
2
2
2
2
0
3
0
0
0
0
0
0
0
0
0
0
0
0
0
0
0
0
0
0
0
3
0
0
0
0
0
0
0
0
0
0
0
0
0
0
0
0
0
0
0
6
2
2
2
2
2
2
2
2
2
2
2
2
2
2
2
2
7
0
0
0
0
0
0
0
0
0
0
0
0
0
0
0
0
0
0
0
3
0
0
0
0
0
0
0
0
0
0
0
0
0
0
0
0
0
0
0
3
0
0
0
0
0
0
0
0
0
0
0
0
0
0
0
0
0
0
0
3
0
0
4
2
2
2
2
2
2
2
2
2
2
2
2
2
2
2
2
5
0
0
3
0
0
0
0
0
0
0
0
0
0
0
0
0
0
0
0
0
0
0
3
0
0
0
0
0
0
0
0
0
0
0
0
0
0
0
0
0
0
0
-1
0
0
0
0
0
0
0
0
0
0
0
0
0
0
0
0
0
18
