9
0
0
0
0
8
14
14
14
14
14
14
14
14
14
14
9
0
0
0
4
2
2
7
0
0
0
0
0
0
0
0
0
0
0
0
0
0
0
0
3
0
0
3
0
0
0
4
2
2
2
2
2
2
7
0
0
10
11
0
3
0
0
3
0
0
0
3
0
0
0
0
0
0
3
0
0
8
9
0
3
0
0
3
0
0
0
3
0
10
12
12
11
0
3
0
0
0
0
0
3
0
0
3
0
0
0
3
0
15
1
1
13
0
3
0
0
4
2
20
3
0
0
3
0
0
0
3
0
15
1
1
13
0
3
0
0
3
0
0
3
0
0
3
0
0
0
3
0
15
1
1
13
0
3
0
0
3
0
10
3
0
0
3
0
0
0
3
0
15
1
1
13
0
3
0
0
3
0
15
3
0
0
3
0
0
0
3
0
15
1
1
13
0
3
0
0
3
0
15
3
0
0
3
0
0
0
3
0
15
1
1
13
0
3
0
0
3
0
15
3
0
0
3
0
0
0
3
0
15
1
1
13
0
3
0
0
3
0
15
3
0
0
3
0
0
0
3
0
15
1
1
13
0
3
0
0
3
0
15
3
0
0
3
0
0
0
3
0
15
18
19
13
0
3
0
0
3
0
15
3
0
0
3
0
0
0
3
0
15
17
16
13
0
3
0
0
3
0
15
3
0
0
3
0
0
0
3
0
15
1
1
13
0
3
0
0
3
0
15
3
0
0
3
0
0
0
3
0
15
18
19
13
0
3
0
0
3
0
8
3
0
0
3
0
0
0
3
0
15
17
16
13
0
3
0
0
3
0
0
3
0
0
6
2
2
2
5
0
8
14
14
9
0
6
2
2
5
0
0
3
0
0
0
0
0
0
0
0
0
0
0
0
0
0
0
0
0
0
10
0
19
19
5
